1143.7500
1126.7900
1106.6300
1111.3400
1102.4600
1094.8000
1089.5200
1069.7000
1052.1000
1051.9400
1037.7800
1001.5200
1048.5800
1080.6000
1055.8000
1111.9000
1167.7000
1169.9400
1163.6900
1175.5800
1175.8400
1170.3700
1164.2400
1169.9700
1155.8100
1137.5100
1129.7900
1131.9800
1121.7600
1122.2600
1105.5200
1102.6100
1106.2600
1106.9400
1102.2300
1086.4000
1082.4800
1065.0000
1046.4000
1048.1400
1049.3700
1056.7400
1060.1200
1063.6300
1064.9500
1070.6800
1077.1400
1064.1900
1049.1500
1040.6100
1040.4800
1041.1000
1037.0500
1030.9300
1018.3800
1005.1500
998.6800
1010.1700
1021.4100
1021.6600
1047.4100
1054.2100
1040.6100
1035.9600
1034.4900
1018.3800
1019.0900
1032.5000
1020.9100
1026.0000
1025.7500
1028.0700
1031.2600
1039.8500
1033.3300
1025.9000
1032.4800
1025.5800
1025.5000
1016.6400
1017.1100
1019.2700
972.5600
973.3300
970.5400
968.4500
988.2000
984.4500
992.8100
992.1800
992.0000
989.6800
987.8300
989.2500
972.6000
977.0000
978.8900
969.9600
951.6800
957.7900
953.2700
959.1100
949.5000
944.4900
924.8600
920.9700
928.5300
932.4500
931.5800
921.8100
915.0000
920.2900
925.1100
935.0900
932.0700
929.0800
926.5000
935.9500
927.8100
928.4500
937.3400
939.3300
929.5700
921.2900
913.8100
915.8900
921.2800
927.0000
924.6900
906.6600
910.6700
910.9800
926.9600
922.2200
922.6700
914.3900
907.2400
922.9000
926.7900
929.3600
927.9600
923.6500
930.3900
930.8300
930.5000
941.5300
934.0900
947.8000
950.7000
980.3400
972.9200
968.1500
970.8900
965.4000
953.4200
955.9900
947.1600
943.8300
930.0900
928.8000
918.5900
906.6900
911.7100
898.7000
908.7300
917.7900
940.4900
927.3300
952.2700
965.5900
957.0900
959.4500
950.6300
957.3700
939.7800
942.3100
950.7600
953.4000
942.9000
949.8300
983.4100
980.9400
976.5700
983.6800
975.6000
966.9500
964.8600
975.8800
971.4700
969.5400
954.9600
948.8200
941.8600
934.0100
930.2400
919.6200
943.0000
937.0800
932.2200
930.6000
928.7800
932.1700
934.3000
927.1300
931.6600
927.0400
916.4400
912.5700
905.9600
874.2500
871.7300
872.3000
862.7600
843.1900
841.6500
838.2100
836.8200
837.1700
823.5600
824.3200
823.3500
824.7300
824.6700
827.8800
831.4100
834.5700
838.5500
829.5600
831.5000
831.4100
820.9200
819.5100
814.4300
817.5800
829.5900
830.4600
848.4000
852.1200
848.7800
847.2000
845.6200
845.5400
843.2500
838.6800
835.3700
831.9100
827.7800
829.0800
830.6300
835.2400
823.2100
829.2800
828.6400
831.3300
830.7600
831.6600
828.0700
824.1600
818.9800
820.4500
819.2400
813.6700
809.5600
808.3800
806.9700
801.3400
801.4900
798.5300
795.6950
796.7900
802.3200
823.3100
832.1500
835.6700
823.8700
819.3100
805.0200
802.1750
806.0700
804.6100
807.8800
806.3600
807.9100
804.7900
806.6500
806.1500
794.0200
786.9000
786.1400
771.8200
782.7900
785.0500
791.5500
789.9100
791.2600
794.5600
796.4200
794.2000
790.8000
797.8500
797.0700
796.1000
789.2700
789.2900
776.4200
771.1900
759.1100
762.5200
750.5000
747.9200
758.0400
770.8400
768.2400
761.6800
760.9900
768.2700
769.2000
760.5400
771.2300
764.4800
758.4900
736.0800
754.0200
762.5600
785.3100
790.5100
782.5200
762.0200
762.1300
768.7000
783.6100
784.5400
795.3700
795.3500
799.0700
807.6700
813.1100
799.3700
796.9700
801.5600
795.2600
779.9600
778.5300
778.1900
786.1400
783.0700
785.9400
775.0800
776.8600
776.4700
776.4300
772.5600
777.2900
775.0100
781.5600
783.0100
774.2100
786.9000
787.2100
776.2200
771.4100
765.7000
768.8800
771.7600
762.4900
759.6900
769.0200
759.6600
775.3200
780.3500
780.0800
771.4600
768.7800
767.0500
769.0900
772.1500
769.5400
769.4100
769.6400
772.0800
772.1500
775.4200
777.5000
779.9100
777.1400
782.4400
783.2200
784.8500
784.6800
784.2600
781.7600
782.2200
771.6100
773.1800
771.0700
772.8800
768.7900
745.9100
741.7700
738.4200
739.7700
742.7400
738.6300
741.1900
736.9600
733.7800
719.8500
720.9500
716.9800
720.6400
715.0900
705.6300
695.3600
697.7700
694.4900
699.2100
692.1000
684.1100
680.0400
668.2600
675.2200
701.8700
697.4600
695.9400
693.7100
691.7200
710.3600
718.9200
718.2700
718.3600
719.4100
728.5800
728.2800
716.6500
716.5500
722.3400
730.4000
734.1500
735.7200
732.6600
724.1200
725.2700
720.0900
704.2400
709.7400
700.3200
706.6300
706.2300
716.4900
710.8300
713.3100
715.2900
723.1800
712.9000
711.1200
701.4300
695.7000
692.3600
698.2100
693.0100
691.0200
705.8400
708.1400
723.1500
718.7700
759.1400
752.6700
753.9300
766.6100
759.0000
753.2000
751.7200
743.0900
736.1000
739.1500
740.2800
745.6900
737.8000
745.2900
749.9100
744.9500
750.5300
744.7700
733.5300
735.3000
738.0600
740.7500
742.0900
737.6000
737.7800
736.0900
728.3300
730.4900
726.8200
712.8200
705.2400
693.9700
695.1600
710.8900
712.4200
718.8500
718.8100
697.7700
705.0700
705.7500
699.5600
695.8500
706.4600
700.9100
697.3500
708.4000
691.0000
682.4000
683.1100
684.1200
678.1100
682.7400
683.5700
708.0100
726.9500
764.6500
752.0000
742.9500
730.9600
699.9900
713.0400
711.6700
725.2500
706.5900
698.4500
701.7900
694.4500
714.7200
700.5600
726.0700
716.0300
714.4700
726.3900
743.6200
742.5800
741.8400
758.8800
771.0000
776.6000
762.5100
748.4000
750.3100
750.0000
747.7700
739.3100
749.4300
758.0900
743.4000
747.7700
738.8700
749.4600
751.6100
762.3700
763.2500
766.8100
752.5400
762.3800
767.0400
742.6000
750.2600
748.1500
748.2800
755.9800
756.6000
738.4100
740.0000
725.3000
728.9600
717.0000
731.2300
735.4000
728.3200
724.8900
733.7600
731.2500
728.1100
722.1600
721.1100
710.8100
716.9200
712.9500
708.4900
712.7800
702.0000
651.7900
642.6100
650.2800
666.1000
662.2000
661.7400
651.1600
652.3000
646.6700
643.6100
639.1600
642.3600
645.4400
641.4700
626.9100
611.2900
608.4200
594.9700
594.8900
611.9700
625.8000
622.3600
622.6900
635.4400
629.2500
642.9000
635.9800
635.1400
623.2400
625.7700
621.3500
612.7200
614.6600
600.7000
606.2500
614.3400
597.7900
618.2500
630.3800
637.6100
628.6200
582.0600
589.6100
612.4800
646.8300
660.9000
656.1300
660.8700
657.1200
656.4500
659.5600
660.7800
633.7300
635.3000
642.6800
643.7800
629.2500
631.2100
625.6100
632.5900
631.9300
628.0000
627.2600
623.5600
644.2800
662.1000
662.3000
663.0200
672.9300
579.8500
560.2200
561.1000
546.5500
530.1300
520.6800
516.8300
525.0200
522.8600
523.4000
521.8400
520.5100
521.5200
531.6900
535.2300
537.8400
540.4800
538.1900
536.6900
536.7300
529.2600
528.1500
527.2000
532.3300
534.6100
536.6900
526.6900
526.8300
533.3300
536.7000
540.3100
539.1800
533.9900
532.1100
539.7800
539.7900
532.3200
540.1100
542.5100
539.2700
537.3600
532.3000
533.8500
538.4000
529.6200
529.0400
535.7000
538.2200
530.7000
524.2200
530.8000
540.7800
537.9000
537.3400
549.0800
553.6800
555.3700
565.0600
547.0000
539.3650
533.9700
535.3800
524.0500
533.8000
532.5300
530.3900
539.1700
540.0100
540.7800
541.6100
537.0200
536.7650
535.5300
542.5600
548.0000
552.0300
548.3400
555.1700
558.7850
570.1900
558.8100
560.3600
557.9900
559.5000
550.8400
554.5100
547.3200
555.5100
551.1800
555.0100
568.8500
567.6850
575.3300
573.3700
573.6400
571.3400
558.4000
555.4800
543.8700
536.0900
531.9100
538.9500
542.8700
539.7000
542.8400
549.0100
542.9300
535.9700
536.9400
527.8300
531.0000
527.5800
522.7600
529.2400
528.4800
534.5200
510.6600
510.0000
518.6300
535.2100
539.9500
534.3900
518.0400
506.9000
508.0800
501.7900
500.8700
496.1800
492.5500
496.1700
502.6800
501.1000
501.9600
513.8700
524.8100
526.4000
530.4200
530.3300
534.0300
528.7700
530.5900
524.8700
516.3500
511.1000
504.8900
495.3900
513.8000
518.6600
528.3400
526.0600
533.3700
526.9800
525.2600
537.3100
531.3200
533.7500
533.8000
541.8300
540.3700
541.0800
539.2700
537.5000
534.8300
536.9900
535.0300
536.5100
544.4000
545.3800
547.3100
550.2900
547.4900
541.0100
542.0400
545.9200
554.1100
555.2200
559.0800
550.3100
549.3300
548.9000
540.7700
539.7800
543.9800
532.7100
526.5400
520.8400
511.1700
524.5100
530.0300
537.9400
533.2100
544.4900
560.8800
572.5000
563.7400
577.3500
575.2800
570.0800
568.2700
577.3600
576.3600
577.1000
575.0600
587.9900
581.1300
587.3700
596.0800
589.2700
584.7700
579.9500
573.1000
575.6200
581.3500
583.1000
581.0100
589.7200
586.0800
581.9800
577.9400
577.3300
571.6000
569.2000
571.0000
577.8600
580.2000
582.5600
583.3700
584.4900
586.8600
582.1600
573.4800
574.6500
574.7800
562.7300
567.8800
568.7700
563.3600
566.3740
565.0700
573.1500
566.0700
571.6000
587.4200
585.6100
590.6000
589.0200
593.3500
595.9800
594.7400
589.4700
595.0800
573.7299
582.6600
584.7800
584.8700
579.1800
571.1000
576.0800
571.0900
582.2500
584.7300
582.3350
582.6700
575.2800
577.2400
576.0000
578.6500
564.6200
564.9500
556.3600
554.9000
553.3700
543.0100
544.2800
551.7600
551.3500
558.8400
560.5500
562.1200
556.3300
553.9000
544.6600
544.9400
553.9300
559.8900
560.0800
561.6800
565.9500
552.7000
545.0600
538.9400
529.7700
528.8600
520.6300
519.9800
526.6500
533.0900
529.9200
518.7300
511.0000
509.9600
515.1400
527.8100
527.9300
531.3500
526.6600
527.7000
517.1500
516.1800
525.1600
526.9400
534.8100
528.6200
536.1000
556.5400
536.4400
532.5200
530.6000
540.9500
564.1400
554.9000
538.1500
543.1400
569.7400
567.0000
567.1600
556.9700
559.9900
558.4600
