1521.9500
1500.0000
1485.3400
1482.9200
1468.3500
1448.6900
1461.7600
1451.0500
1414.5100
1386.2300
1339.6000
1350.5000
1416.7800
1442.8400
1390.0000
1429.9500
1390.0000
1450.8900
1437.8200
1417.6800
1402.0500
1377.9500
1357.5100
1362.5400
1327.3100
1294.5800
1293.3200
1295.0000
1304.8600
1305.2000
1276.6800
1254.3300
1252.7000
1246.8700
1229.1400
1209.5900
1204.2000
1189.0100
1169.4700
1186.1000
1182.2600
1176.7600
1168.3600
1174.7600
1177.6200
1187.3800
1190.5800
1179.1400
1174.2600
1164.1300
1165.0800
1168.9200
1162.0000
1159.7900
1152.3500
1141.5700
1133.9500
1162.3500
1176.7500
1161.2700
1193.6000
1195.8300
1186.0000
1156.1600
1139.4900
1126.3100
1129.8800
1137.2900
1126.6900
1136.8400
1129.1700
1125.3500
1129.1300
1132.8800
1123.1700
1120.6600
1111.6000
1094.2200
1103.6800
1105.2800
1110.8500
1100.9500
972.4300
972.9100
975.9000
966.3000
982.9100
986.6100
997.0000
1009.1300
1006.3400
1002.9400
1000.9300
995.0000
987.2000
990.9900
989.5800
980.8500
965.4500
957.1000
959.1900
961.3500
956.4000
950.8700
938.6000
939.7900
955.1000
964.6500
973.2100
969.8600
974.1900
986.7900
992.2100
999.6000
982.5800
977.9600
965.9000
979.4700
967.8000
965.2700
978.2500
980.6000
967.5900
954.0600
946.0200
945.2600
952.4500
958.0000
966.9000
953.2900
958.4700
960.5700
978.1800
982.7400
983.3000
967.9900
956.9200
982.0100
989.8400
992.2700
987.5800
986.9200
995.8900
992.2700
987.7800
1020.0400
1046.0000
1052.8000
1039.8700
1038.9500
1025.6700
1028.7000
1026.8700
1024.4500
1010.0400
1001.8100
1000.6300
1006.5100
994.1300
996.4700
978.7600
965.1400
971.4000
953.6600
968.0000
975.9300
990.3300
976.7800
993.9800
1003.7400
1001.3000
1002.2300
992.5900
995.1700
987.7100
964.1700
976.4700
980.7900
964.9100
978.3100
1010.2700
1010.0700
1003.0000
1011.3400
1006.7300
995.9500
994.6200
996.7000
995.7800
993.3800
980.3500
971.5400
970.6700
959.8400
958.4900
944.7600
966.0700
957.9700
961.3500
947.6200
948.9500
952.8200
949.0400
934.1500
937.5300
941.0300
946.9400
948.2300
924.9900
918.3800
909.2900
907.6200
907.4100
898.5300
902.0600
899.2000
903.7800
901.9900
884.6700
896.2300
902.3600
907.0400
894.8800
898.2800
909.2800
906.8300
891.5100
886.5400
876.3400
874.3200
856.0000
846.8200
845.6100
847.3800
848.0600
843.2000
856.9700
852.3100
853.4200
852.9700
852.5300
854.5900
852.4600
853.0000
850.5000
846.0200
846.6100
849.8800
848.9100
853.0800
845.0400
848.6400
845.2400
852.1900
855.6100
856.4400
845.0700
844.1400
842.7000
836.3900
836.5300
827.4600
821.3600
819.7100
812.5000
807.6400
810.2000
839.9500
832.3500
823.4800
830.3800
835.7700
839.1500
836.5200
822.4400
817.8800
808.3300
809.0400
807.4800
809.7200
817.1400
813.6400
799.0200
795.9000
796.9200
795.9900
780.4500
757.1800
753.6700
749.8700
765.1500
772.1300
771.4000
760.5900
766.3400
770.6000
771.2200
766.0000
757.7700
761.0000
768.8200
774.3400
760.1200
768.6600
767.3300
770.4200
764.7200
759.3600
740.3400
743.6500
750.5700
762.5200
766.7700
780.3700
780.1200
785.3300
780.0000
760.1600
756.4000
746.4900
743.2400
719.0700
739.0100
742.3800
771.8800
787.7500
784.9300
755.0500
767.0300
765.5600
785.4100
789.8200
776.3200
818.3600
822.5900
835.1800
838.0900
818.9900
810.3200
817.6900
817.6500
812.9500
822.9600
829.2800
834.0900
831.0000
841.7100
839.4300
841.6600
844.3600
834.0300
836.7400
837.3100
829.0500
828.7200
816.1100
799.1600
805.7500
804.7000
789.7400
780.2200
775.1000
778.5200
769.6900
761.0900
761.0100
771.4900
760.1400
784.0600
784.4800
788.8700
772.4400
770.6200
769.1600
767.5800
771.2900
769.0000
759.2200
757.2500
762.4500
759.4800
757.3100
764.4600
764.6300
764.0400
768.4900
772.5600
771.2400
768.5600
768.3100
766.5600
765.9800
760.7700
754.6400
760.5800
767.7400
758.8100
752.6100
736.6700
735.5900
739.6100
744.8600
744.4300
745.7200
739.9500
736.0700
735.4400
741.2000
742.6300
748.2100
753.7800
745.8100
736.5700
737.6100
728.1000
725.6800
715.6200
715.6000
707.9500
691.3600
698.9600
722.0800
710.6000
715.8200
714.0100
706.3900
717.5100
714.2600
719.3000
715.2400
717.9100
727.6500
726.6400
723.7400
726.7300
725.5400
728.2400
719.4400
722.7900
712.2400
714.9100
708.3500
704.2000
696.7500
702.8000
698.5200
697.4500
695.2700
710.6600
709.9200
717.9300
713.2300
703.0700
679.7500
673.9500
659.0900
670.9000
671.3200
683.8500
659.5900
602.0000
606.5700
616.8800
626.2000
620.5000
631.0000
632.9900
627.9000
635.3500
625.8900
620.7500
614.8200
603.1700
595.9300
594.6000
591.4300
602.0800
586.1400
593.1900
598.5000
593.6400
598.6900
593.8600
579.8700
582.9500
569.6300
560.4800
553.9800
552.0800
559.4400
574.2700
577.0200
573.3700
569.6100
558.9300
559.4700
560.2600
562.8000
575.1400
577.4900
580.2100
579.0400
552.5200
555.2300
555.1500
554.0400
552.9400
559.5000
534.9000
525.0000
534.1000
521.1000
507.0800
503.8200
490.4800
482.0700
488.1000
502.1300
536.2600
531.0700
552.1000
574.8100
587.0000
635.3500
583.3500
601.2500
596.5300
596.3800
575.0200
571.7700
574.4800
570.1800
593.0000
581.8100
617.8900
617.7400
607.0500
607.9400
632.6500
633.7900
636.9900
675.8900
689.0700
693.9700
675.2000
662.7900
663.7000
663.1500
664.5100
664.1400
670.6500
675.7700
658.6400
657.9100
640.1500
662.3200
664.7900
677.3300
669.8300
672.6400
666.2500
676.0100
679.0600
664.8000
673.2600
675.3400
671.1500
678.9900
668.4500
661.2700
663.5400
643.3000
647.8100
642.3500
665.6000
673.2500
659.6800
655.4900
659.3700
655.6500
640.9500
625.3100
628.3500
625.9000
626.5500
617.1000
611.0100
608.6100
599.0300
563.9100
555.7700
560.8800
573.1500
570.7600
562.4400
544.8300
548.9000
550.1900
539.8000
533.1600
541.9400
537.4800
543.6800
532.5400
520.7200
511.8900
496.0700
504.0600
524.2500
533.7500
536.0700
538.4000
548.3900
540.2600
538.8700
527.3900
522.3700
521.3800
529.4400
522.2400
516.8900
517.5400
499.0000
504.7200
510.5500
496.5400
512.8900
518.0100
518.3700
500.7700
466.3700
463.3700
494.4700
515.7800
532.9200
535.0200
535.2200
531.5200
529.6600
525.9100
527.4600
524.0000
522.6200
529.4600
537.0100
531.9000
535.0300
536.1500
536.7600
529.0000
526.0300
531.4100
529.4200
482.1800
488.2700
488.0000
488.1000
483.0100
475.4800
461.1900
465.5700
455.5700
443.5100
434.3900
429.7000
436.7200
436.0400
437.7100
437.3900
434.0900
429.8600
438.1000
440.1000
440.8400
445.9900
436.2900
434.9200
439.3900
427.8100
427.2600
423.6700
429.9200
432.9700
430.7700
425.4800
423.5000
426.9500
430.7800
436.5900
430.9900
430.9200
429.2300
426.5700
431.4200
425.4700
427.6300
431.6300
423.8600
421.7100
425.2400
426.0000
432.2800
426.8700
431.0200
432.8500
433.6900
426.8800
419.1000
421.1900
423.0400
422.8700
421.7800
429.3700
429.3100
438.5600
445.1000
389.9900
389.8000
391.1800
389.5100
375.5600
386.0400
383.4500
385.1100
382.3600
382.6500
383.5400
381.2000
374.4100
377.0400
372.2500
370.2550
372.1000
374.5900
370.5600
367.3500
370.9600
374.0900
375.1100
378.4900
373.2400
375.1350
371.9200
373.3500
370.5800
374.2400
366.3700
369.5100
378.5600
380.0900
387.8300
382.7200
384.6100
385.6550
380.1600
384.8000
385.3700
378.5900
380.1400
383.6600
378.9950
373.3700
375.4300
381.8300
377.1700
375.1400
372.9950
370.5600
374.2800
373.8900
364.7500
363.5500
364.4700
354.5300
311.7800
303.9100
306.7500
309.6600
312.3900
310.3200
297.2500
289.4400
290.7400
286.9500
293.2700
294.7400
291.4100
296.9300
300.4600
298.4200
295.2900
302.1900
308.5200
310.3500
310.3000
312.0400
309.0900
303.0300
306.2850
306.5400
299.9000
297.7300
298.8800
295.0600
306.0700
307.3200
307.3600
305.8400
312.5000
306.6400
312.6300
316.9300
316.5000
326.3100
326.0000
338.6400
333.5700
335.0400
335.6400
332.6300
330.5400
326.5400
324.9300
323.0500
327.8200
316.4800
311.5100
312.0100
305.1100
299.8600
296.6400
296.5200
302.8100
305.7200
305.4600
299.0700
294.1200
295.5900
289.9700
287.0600
313.1800
312.9700
315.3300
306.2100
303.6400
302.8600
305.9700
308.3100
306.4500
311.3900
315.3700
322.7000
316.9800
322.2000
322.7400
318.4100
317.4600
322.4400
321.8200
323.2100
321.9300
328.2100
323.6300
324.5000
331.3200
325.0000
324.0000
327.7600
323.8900
331.1900
330.5200
331.3300
329.7500
342.3400
346.3800
345.9500
339.0000
342.3800
339.0400
340.0200
343.1800
341.8300
334.0200
331.5900
332.9100
335.7800
335.1300
334.5300
333.6300
333.2100
326.2800
319.3200
318.3300
316.8000
311.4500
313.8900
312.3200
313.6500
307.0600
312.9900
322.5100
320.0000
320.4100
324.0100
358.6100
358.1400
360.8400
359.7600
358.6600
352.4540
355.9000
354.4400
355.3200
346.2000
327.9200
329.9700
323.8100
333.5500
337.4920
332.8500
332.3900
324.7800
324.5700
325.6900
327.4400
324.1600
327.2400
324.2000
327.0000
334.3800
325.6200
327.6200
326.2700
325.9100
335.2000
332.4100
327.5000
329.6700
323.5700
306.7800
307.1900
308.8400
312.5500
313.7800
310.1600
310.8200
312.2400
304.9100
305.0100
301.1900
296.7550
297.7000
295.1900
297.6200
304.6400
302.8600
292.2400
288.3200
292.7100
297.3800
310.0500
308.0100
307.8900
304.1300
300.3800
296.5800
303.8300
337.1500
324.5800
329.3200
330.8700
324.9100
323.6800
316.0800
315.9100
311.7300
317.1100
331.8050
327.0700
317.7600
323.0000
333.6200
341.9600
342.9900
336.3650
338.2900
338.4700
343.4100
354.7100
351.8500
360.6200
368.9700
373.2300
378.7700
375.0400
373.7400
371.5100
370.6400
368.8200
370.5300
372.0600
372.1600
372.3700
363.9000
359.7800
362.1000
360.1300
359.8000
358.3200
351.7800
346.7600
349.8000
347.3800
353.6500
357.3500
357.2000
349.2500
361.7900
360.8700
361.0800
354.5900
346.4500
347.9500
346.1500
358.6900
403.0100
384.2000
394.4300
386.2800
387.6000
399.8700
404.5400
407.0500
399.6100
395.8000
395.8700
397.5400
390.9800
397.6600
401.0100
401.9200
398.0300
393.6300
396.4400
397.9700
398.7900
393.3700
398.0800
404.3900
399.2000
402.9200
402.2000
395.1900
395.9600
387.6500
388.9700
384.2400
381.2500
382.1900
387.7800
384.8900
386.9500
384.4900
385.9600
384.6600
392.3000
393.6200
386.7100
381.3700
376.6400
372.3100
368.9200
362.5700
364.9400
366.1800
369.1700
367.3960
356.2200
349.5300
354.3780
350.3100
343.5600
356.1800
358.8920
358.7400
359.0020
364.0300
361.0800
362.7000
358.1600
363.3900
332.2100
326.7560
332.5400
326.4400
328.9310
310.7700
310.4900
306.4000
310.7000
310.8890
305.1740
298.2300
303.2300
310.0300
319.0400
314.7600
320.5100
320.9500
312.6400
316.0100
318.1200
312.6500
314.1300
311.4900
316.3400
312.0600
312.0340
304.1700
296.0600
297.9200
298.8600
299.6400
300.3600
299.7100
295.8600
294.1000
293.6400
288.8000
280.9800
283.9800
281.5800
280.9300
286.2100
290.0100
289.7300
284.5700
287.0900
285.5700
284.8200
286.4700
291.3400
293.9700
296.6900
297.2600
295.7400
296.9100
300.7500
300.9900
304.2100
305.5700
301.2200
302.4100
306.1000
312.0100
303.4000
298.9400
301.0600
303.4800
305.2300
304.1100
308.6900
306.8700
306.5700
307.5500
299.6600
292.3300
291.5300
290.5900
285.8800
284.0300
283.7300
282.1000
277.6900
277.5500
277.5700
272.0880
270.6100
273.3600
273.4400
278.1600
281.7600
278.0600
273.9900
275.7900
271.6700
274.7800
281.0700
276.8700
267.8300
267.1700
265.7000
266.8800
269.2000
266.8300
265.5300
267.2900
261.7400
261.8000
262.9600
268.8600
267.6300
269.9000
264.1200
266.5600
268.3300
264.5100
263.6300
260.1600
258.6800
257.7300
255.7200
258.0500
252.5500
248.2300
253.8100
249.7400
254.8100
274.7000
268.7800
268.9000
263.5500
260.3200
259.4200
267.4000
272.3400
267.7200
272.8700
269.8500
264.7700
261.1400
258.9500
255.4800
259.0800
259.0300
263.3220
261.6100
266.4900
265.3000
260.3100
256.0200
257.7500
253.3900
257.2780
256.4100
257.8900
261.8200
265.7400
275.1000
274.1300
271.2400
274.1900
273.8800
273.7900
275.5900
273.1100
265.7400
264.2700
263.2500
259.3600
259.8700
265.4200
265.9400
266.4100
269.7500
265.0900
269.2400
269.4700
258.7000
257.2100
261.9500
260.2300
262.2200
266.8900
259.9800
265.0000
265.5000
272.7640
260.3500
276.0400
283.9900
273.6200
268.1100
270.1900
272.1200
270.4800
268.9300
271.9000
272.7300
267.9400
265.3400
266.3500
266.3800
268.4592
259.1500
258.4800
257.3100
250.8700
245.1800
248.3100
248.6314
258.6200
256.9200
261.5000
257.9900
260.4000
253.8600
249.1900
251.2500
251.7600
250.6900
247.7700
253.2681
253.3700
253.9600
252.4881
250.3291
252.0500
251.2700
247.1100
243.4017
243.6200
239.8800
238.0300
233.7800
229.7100
225.2300
220.5990
222.9500
226.6000
226.4700
226.3100
227.3500
232.0608
237.5600
234.3300
232.4224
232.1400
232.8931
238.2400
222.9200
228.4900
234.3100
233.7800
240.0000
244.8500
247.4900
243.9400
244.1800
242.3600
244.2200
244.9900
250.9600
259.0600
258.5100
260.4700
255.9200
250.6000
252.0100
254.3200
256.5900
249.6700
252.4600
254.8050
257.4700
260.8100
261.6800
258.7500
258.0000
261.2700
260.2400
255.6300
255.6700
257.0900
259.1400
251.3800
246.2200
247.8800
248.2700
246.2200
247.1200
246.1100
243.9200
245.7400
241.1980
243.1000
239.4500
240.3500
241.1700
241.5500
237.4200
233.1900
232.4400
232.7500
234.0600
234.3800
236.5600
233.9900
234.9700
230.8100
232.0900
233.3000
236.0900
237.3200
220.0100
217.0500
223.0400
226.0100
228.2900
226.1700
217.4700
216.9300
216.0100
218.3900
215.3600
218.3700
219.5000
225.0500
225.0500
227.0600
229.5300
229.3200
228.3500
221.3100
225.6200
225.6100
220.0700
222.1600
220.5750
223.0200
224.0300
222.6600
218.3500
214.4500
214.7300
216.4200
216.5000
218.4800
218.8000
217.6400
213.2100
214.5700
208.2200
212.9100
209.2300
214.7500
212.8900
215.2400
217.2800
215.3300
218.1100
213.8500
218.3600
224.0600
224.3900
222.9300
227.6800
226.6900
222.9800
223.9000
225.1600
223.9900
229.4500
230.2500
230.0400
231.9000
226.8500
195.9900
194.4200
190.3300
188.2400
189.9800
191.1000
191.0700
188.3900
185.5000
188.4600
190.6900
187.9700
186.9800
191.8700
194.3900
193.9900
199.6600
198.0500
202.5100
204.6100
201.1600
205.4400
202.8700
195.0400
192.4000
191.7300
192.3300
185.5200
185.0500
184.4300
182.2600
184.5900
183.3900
184.3200
187.6400
183.7700
181.0900
180.2600
179.3000
180.0400
179.6900
183.8000
178.5300
179.1300
178.8900
180.5800
182.2600
182.5000
179.9300
184.4700
191.3000
191.5900
185.5400
184.9800
185.4800
184.1900
183.1400
187.6800
181.7200
179.4600
194.4400
192.1500
195.3700
193.3160
187.8000
187.0000
186.0900
190.9300
194.4500
189.4400
181.6600
178.4200
175.9300
178.9000
179.3400
178.5600
182.6100
177.6100
177.5100
179.0300
173.1000
173.8600
173.8900
176.2700
177.2800
179.0300
174.3500
182.5200
179.3300
181.2600
181.2600
180.2100
180.5100
189.5200
193.0300
190.4800
195.3200
191.9900
196.2400
196.0300
197.1300
192.2900
188.3900
194.1500
182.3990
188.9900
192.3400
189.2500
197.1400
204.5200
211.9900
217.8300
218.9300
217.3900
210.7900
211.2200
217.9900
217.0000
216.4800
218.2900
215.6200
212.1050
213.5100
217.3200
206.7800
198.4000
227.1500
237.6100
234.7800
233.6100
231.5300
243.8800
242.3300
246.7100
236.1500
236.8100
235.4800
231.3200
224.7400
221.5100
219.4980
212.5000
211.9800
216.2300
222.4400
229.7100
224.2100
229.8500
223.6100
223.2300
231.8700
233.2500
241.6900
239.3000
226.7800
222.5700
219.5300
216.5600
211.3900
217.2600
219.9000
216.1800
210.0000
212.5400
215.2300
210.9200
206.5300
199.2700
192.0300
193.7300
193.5500
177.5400
178.9300
182.5200
195.9300
197.6800
202.9500
202.3000
198.3600
194.1300
205.0900
193.7000
202.7000
201.4800
209.9600
211.7000
221.3200
222.5200
223.9000
222.5180
214.1800
213.4900
216.5200
213.2100
215.5500
218.0600
211.5300
212.8700
210.3800
213.5000
211.2300
212.5500
218.2800
216.7400
214.1900
213.1900
209.4900
204.4900
204.1800
202.3500
201.2500
192.5500
194.1600
191.6300
194.2300
187.7200
186.3700
183.6500
185.9800
189.9600
186.2900
186.5300
189.6800
188.0500
187.5500
185.6900
188.3200
193.6500
192.3950
196.6900
194.1300
195.0000
192.2600
193.2700
196.2200
198.6500
198.8050
197.0900
194.8100
192.5100
202.5600
206.0700
204.3800
203.9400
200.8000
197.6000
197.1100
199.9700
198.4500
201.1900
195.8100
195.0700
196.6300
182.3000
185.4200
185.8900
183.8700
178.8200
178.3400
180.0100
181.8200
182.2900
180.4800
184.0400
184.7100
184.9100
182.7600
185.2900
182.9400
180.1300
180.1300
179.4200
174.6200
169.3500
170.9800
171.1000
165.3200
162.6000
164.5250
161.8200
160.9700
164.7000
165.0800
166.7300
168.0700
166.1400
169.0500
166.8900
169.0800
171.6700
172.7900
172.0200
169.4400
173.2900
177.2400
177.7500
176.6800
180.4200
186.5000
187.7600
186.6200
189.0300
190.4200
189.2500
186.2100
185.3000
183.0600
176.4300
175.9300
173.7100
173.5300
172.1100
169.6400
171.1400
184.4500
175.3900
176.7000
176.8500
177.4200
181.9600
186.8700
191.2500
188.7500
185.5300
184.0800
184.3400
184.6800
185.4900
185.8600
187.4200
185.0100
184.2200
180.0000
182.7500
183.3700
181.0900
182.1400
182.5900
184.7600
184.7500
183.2900
177.5800
178.0400
175.5700
173.9400
174.2500
175.6200
174.8500
176.2900
176.7700
178.0500
175.6800
176.5300
176.5500
175.4000
179.4900
177.2000
177.2500
168.2000
170.3900
164.8200
164.1700
158.3500
157.7800
158.9000
165.6800
170.3700
173.3300
170.2700
171.9900
170.7700
168.9300
168.4700
164.6100
162.5800
165.2300
166.8400
167.5100
169.9500
169.0000
169.1300
164.9700
158.6700
158.6700
163.5600
164.6400
155.5300
155.1700
156.4800
153.0300
155.5500
156.2700
155.4000
160.8700
155.3900
153.7100
157.0600
158.9900
159.7000
159.3700
160.7300
152.8500
151.8300
150.7300
151.3048
148.3250
148.1300
145.4500
145.7500
145.0700
142.4400
140.3800
139.1400
137.2200
138.7900
135.2100
132.4900
124.8300
123.7900
126.6400
124.8600
126.8500
124.5300
126.6000
127.7600
127.5700
129.6500
128.8600
126.0700
124.6900
126.5600
125.8900
130.0000
128.8300
128.3200
127.8300
127.5800
122.4200
120.0700
117.8900
116.8600
117.1300
117.1300
118.4000
118.8700
120.0700
117.4300
120.1000
119.9400
118.4900
122.0600
123.3000
123.6500
119.5100
117.2600
116.2200
113.4300
110.0600
109.1400
110.9600
109.2600
108.6100
117.8000
121.0000
118.3300
121.4500
122.3070
122.5500
125.8300
125.8900
126.9000
126.8400
123.8300
123.0300
123.2100
117.9100
118.8350
122.0100
122.7700
128.7600
126.3100
123.2400
125.4600
126.7000
123.2100
124.8600
122.1200
122.7200
119.7100
124.5900
126.2800
128.9100
128.5330
131.4700
133.8700
130.4600
131.2900
124.9800
128.7100
130.9300
129.8300
137.4900
137.1000
141.7300
139.3500
142.0200
147.1100
143.6300
150.0900
146.4300
144.2000
142.4300
142.1710
145.8200
144.2800
140.1600
141.2000
140.0600
140.9600
134.8700
135.5600
131.4900
131.8100
135.7700
136.5790
135.1200
135.0600
134.7300
128.0400
129.2600
130.4700
130.3500
132.7600
131.3400
131.7900
131.1300
131.8200
133.5800
130.5100
128.8200
130.1100
128.9100
128.5300
125.8900
125.5300
124.5400
118.4000
118.2000
119.7200
117.2400
118.0100
117.5200
118.0800
116.3100
117.5300
119.6600
120.0900
117.3600
118.0300
116.8300
117.3900
115.9400
119.1000
118.1200
118.8700
125.4100
126.0300
122.7500
119.4800
120.3100
121.4300
126.6200
125.7800
127.6100
127.1400
127.3500
129.1100
127.3500
130.3080
133.5200
130.0000
132.2500
134.6900
133.9000
134.5200
136.4900
139.4100
139.3100
138.4700
138.9400
133.7500
132.7900
128.4800
126.9100
128.3600
130.2300
131.3800
134.1500
135.3800
131.3100
134.1100
134.2100
137.5800
141.1700
142.2500
138.5000
135.9100
131.7400
134.0300
132.9400
133.0000
129.6600
128.9900
131.2900
131.2500
131.5900
132.9700
130.5300
129.9100
130.1500
126.6700
126.2000
120.6100
117.1000
118.3700
118.8400
118.8100
122.5770
121.6400
122.0700
124.6399
118.4900
93.4500
93.4200
94.9800
94.6800
95.3200
96.0100
97.4600
94.8300
93.6000
95.7100
95.2200
93.9700
90.9100
88.6700
89.8500
91.0400
93.3600
91.7200
92.2100
90.5200
92.1100
92.3800
93.7500
90.5600
90.2800
90.4400
90.7000
83.5500
83.8600
84.5400
83.8500
82.2400
80.9000
78.8700
78.4600
78.1400
79.1600
81.1900
82.7600
84.3100
84.0000
84.1900
84.5000
85.0000
84.0900
83.0000
82.1200
81.0600
83.5800
84.6000
85.9600
83.5600
84.4400
85.3200
84.4700
84.2900
85.8000
87.4400
85.7600
86.0900
84.3400
84.9800
84.2400
86.4900
93.8700
88.7900
89.0100
88.2300
85.8500
86.1100
84.5500
81.9500
81.4700
77.6300
78.1000
77.3600
75.6300
78.1000
79.3200
81.6000
83.6600
83.0300
83.8800
82.2000
79.2700
77.6800
79.1500
82.9600
81.5950
82.6500
82.1500
83.1800
84.0800
85.6900
86.5900
87.0800
86.3600
87.5600
85.5200
85.6800
84.9300
83.0500
77.9900
77.6500
77.1000
78.3900
75.6400
75.9600
77.9700
77.8700
75.9500
73.6000
75.1100
74.1900
77.9300
78.6100
77.9500
79.2800
81.9900
81.9000
79.7700
78.9600
80.5200
79.7900
82.4000
83.1200
84.4600
80.6100
79.2000
78.7400
77.5700
78.0500
77.2500
74.7100
77.2200
78.9400
79.7700
76.9800
75.5100
77.9900
78.1700
76.3400
73.5000
73.4400
71.4400
70.5200
73.6900
72.4000
72.6300
75.5800
69.9600
70.1000
71.2500
71.3500
66.9800
68.6300
69.5800
68.5400
65.7100
60.4900
61.6900
64.7700
64.8100
61.7000
61.9900
64.7900
62.3400
63.7100
65.6000
61.7100
63.8600
61.9500
62.3500
61.6700
63.2600
63.9600
64.3540
63.3100
66.7100
66.5500
63.1800
61.0600
63.5900
61.1500
58.8200
50.0000
50.3600
48.4400
49.6300
50.6300
49.9400
50.5400
48.4400
51.5900
51.4400
48.4900
51.4500
51.9200
55.5100
57.1600
56.2000
57.3600
54.0600
54.3600
51.2800
50.7600
49.4000
51.7800
51.4400
51.0800
49.8400
51.5600
52.0800
53.1800
52.6300
48.8500
51.2500
48.2500
49.7000
51.2500
51.4100
48.2600
47.3200
45.2100
41.1900
40.4700
42.7000
43.9600
42.1900
42.5000
37.8700
35.0300
35.8400
38.4400
39.6900
41.7500
44.9300
41.5600
46.3000
48.4600
49.2100
47.2200
51.9800
58.4500
55.7700
57.2400
56.7100
56.8900
56.0400
49.5800
48.9600
50.3200
49.9900
50.2300
52.9700
50.6500
50.2900
48.7200
55.8600
62.0200
56.2500
56.0000
61.0200
58.5200
65.2300
67.0000
67.3600
69.5800
72.7600
63.3500
70.7000
72.0800
69.9600
71.7600
74.9300
81.0000
76.5000
71.5400
78.7300
77.3400
78.3000
79.5100
76.7400
79.0400
81.1600
79.1900
78.0300
80.7700
81.4100
80.8100
83.4200
81.7300
81.7600
82.8500
85.2600
83.2600
82.1300
81.2900
83.1100
86.4000
88.0300
86.6900
87.2500
88.0900
80.5100
76.9500
78.0900
79.1100
75.7100
75.7500
76.3400
78.2100
78.2100
75.9800
78.3100
78.7200
70.5400
67.9700
68.4800
69.1200
72.1100
71.8400
67.0300
66.2800
68.5400
70.6300
70.6100
75.0400
72.4900
72.0000
71.4400
73.6200
73.3300
74.6600
76.3000
80.5100
79.6400
80.6800
81.1000
84.2600
82.5200
82.9700
81.7000
79.1700
76.1500
77.2800
79.6200
79.4300
80.6300
84.5100
81.5000
80.1100
80.2300
81.6200
80.3500
80.0800
80.6200
78.3500
79.2600
78.3000
80.7200
82.2900
76.4600
76.1200
74.2000
74.5600
74.5300
72.4100
72.7900
73.1800
75.7100
75.9200
77.3100
79.3600
78.6300
80.7400
81.9700
80.8600
77.6900
81.0000
79.6000
80.1800
80.1000
74.0400
74.5900
72.5000
72.6100
71.9900
74.8300
74.3900
77.3000
76.9000
76.8700
74.9400
77.3700
76.7000
71.3000
69.7600
70.8000
73.8000
75.1700
75.9500
73.1900
70.1700
71.7000
66.5300
68.2200
68.3200
66.5100
67.1500
63.4700
64.0900
62.7400
64.9901
65.3400
62.4300
64.4700
67.8500
70.8700
71.6900
73.2700
72.0800
69.9000
73.6400
72.0800
72.9600
75.8000
77.7300
74.4500
75.1900
73.5000
70.9100
68.4900
72.0900
73.9500
74.6300
77.7000
74.2100
73.9500
75.8200
77.6000
77.6700
73.9700
78.4800
79.7600
80.1200
80.3500
80.2400
82.8700
81.0800
84.2600
85.2200
87.8800
88.8200
88.7900
95.2100
96.2500
92.6400
94.4500
94.2500
92.8500
91.0100
91.2600
90.5800
89.3800
86.8900
85.0900
89.0800
92.4000
91.2800
90.7500
93.0200
94.3100
94.2100
93.1900
94.4100
90.9100
90.5600
89.1500
90.3000
85.5900
81.3035
81.4300
79.7600
80.3900
79.1800
78.6000
77.8500
78.5100
79.8600
77.0000
78.8900
83.5800
87.0438
87.2700
84.3700
85.9800
87.6500
89.1500
88.2400
90.1000
90.0000
88.2100
88.7300
100.8200
91.2900
89.7600
89.8500
90.5500
89.5300
90.5300
92.3700
89.3400
94.6600
95.3237
95.8500
93.4300
92.2600
92.4550
92.3600
93.4100
93.1500
93.3800
93.4300
93.4799
92.5900
91.3000
89.6500
89.0000
88.7500
86.9100
87.7700
87.2600
87.3000
86.2800
83.3400
84.5200
86.2100
83.7500
82.7000
79.9100
78.6800
79.0500
76.2200
78.6500
79.2500
77.3000
78.5000
77.4900
74.7000
75.0200
72.7900
72.3800
73.4500
74.8700
74.7801
74.1100
77.7800
79.1400
79.0000
76.7999
79.7100
77.3100
78.5400
82.7000
84.0399
84.0100
86.1799
69.2500
71.7400
71.6300
73.3500
73.3200
73.7900
73.6900
75.1000
72.7900
70.7300
70.2800
72.0699
68.9700
68.7300
69.4500
69.6100
68.4100
68.8900
68.1400
67.4800
68.6600
68.8600
69.6700
69.1000
69.8100
71.8300
72.4000
71.9400
70.8880
70.0700
71.1700
73.2400
72.0399
72.2900
73.6500
70.4200
68.5800
69.1400
69.8600
69.6300
68.5500
69.3500
69.0000
68.8800
68.3000
63.3000
62.1700
63.2200
60.5800
61.7000
61.5600
60.9200
62.8500
61.8300
60.8200
63.2300
62.1900
61.1800
61.1850
61.3300
62.6010
62.8000
56.8100
44.7500
44.7700
44.9500
44.6400
44.9900
45.0700
45.2000
42.4100
42.2700
41.6800
41.8600
41.6600
41.6800
41.5300
41.1900
40.4200
39.7900
39.8100
39.3400
39.3700
39.0100
38.9800
39.4900
39.8000
38.5800
38.4500
37.8500
37.7800
38.0800
37.8200
38.8100
38.8400
38.1000
38.3600
38.5800
37.0500
37.6900
38.8500
39.1400
38.8300
40.8799
40.7800
41.0000
41.2600
41.5100
40.3300
40.0600
40.1400
39.3100
38.8500
38.7200
39.1000
38.9800
38.2700
37.1600
37.3900
38.7000
37.6700
37.0500
37.4300
36.8500
37.0800
37.2600
36.4300
36.9500
37.0200
36.9800
37.8800
38.6600
38.2000
37.4000
37.1500
37.7800
37.5000
38.3700
38.9000
38.7000
39.4600
40.2100
40.2900
39.8000
40.2400
39.8900
40.0100
39.4200
39.2600
40.0100
39.0200
38.5000
38.4600
38.6900
38.4600
38.1200
38.9000
38.9800
39.1000
39.4100
40.3400
40.6300
40.9200
40.8500
42.4100
42.9600
42.5400
42.4400
42.5500
42.8400
42.6000
41.5100
39.9900
39.2600
38.8400
39.4700
38.7700
38.2100
37.4600
37.4500
37.5600
38.0900
38.1500
38.2400
38.3000
37.6800
33.6300
32.8800
32.5700
32.5400
32.3100
32.4700
32.6000
33.3200
33.5500
32.9100
32.6200
33.3800
32.5900
33.3200
32.7600
31.8600
30.8700
32.1200
31.8400
32.3300
32.5000
31.7900
30.8400
30.2200
32.1200
31.5800
32.0800
32.5200
31.6500
31.6700
31.7200
30.7900
30.5100
29.7300
30.8000
32.2300
31.7600
30.8300
30.6700
29.5200
28.9100
28.0300
27.9700
28.1400
28.3700
28.1300
29.1200
29.0900
27.9500
27.7700
26.5300
26.0700
26.4900
26.2100
26.3600
26.7800
27.2900
26.6900
26.0900
26.3200
26.8900
27.1700
26.5600
26.2600
33.5900
34.3100
33.1900
34.1800
34.4800
33.4900
33.6700
32.9200
33.7300
34.6300
35.6600
35.7900
36.1100
36.8000
37.1100
38.6100
38.6800
38.5200
36.7000
36.4800
36.7700
36.5500
36.3700
36.6500
35.4800
35.0700
35.0900
34.9600
33.6800
33.4700
33.6000
33.8800
33.5500
33.7700
33.4100
33.4900
34.7600
35.0700
34.6100
34.6400
36.0700
35.6300
35.1900
33.7600
34.8300
33.9400
32.6100
31.6100
32.7600
32.7800
32.7300
33.5300
34.1600
34.8400
34.6900
35.0400
34.4700
33.9600
34.3800
34.5900
35.2100
35.7400
35.7900
35.5500
35.7900
36.0300
36.3400
36.8900
36.2800
35.2700
36.6200
36.1300
36.0600
36.6100
37.0900
38.5100
37.3400
36.7700
36.1400
36.5300
36.6700
36.3200
35.6900
35.2500
35.4700
35.6800
36.0000
35.9200
36.2300
35.9900
36.7700
36.8900
36.9100
36.1900
36.2200
36.1200
36.8100
36.9300
36.8600
37.2100
36.8800
37.1200
37.4400
38.0100
38.3500
37.9000
38.7200
38.2900
39.1900
39.1500
39.2600
38.2500
37.8600
38.5200
37.9900
38.1700
37.5200
37.9500
38.3300
42.7400
43.9800
44.8200
44.9600
45.2200
44.6800
43.6000
44.0200
43.7300
43.9200
44.4500
44.3200
44.0000
44.4000
44.3600
44.9300
45.6510
47.0800
47.8700
47.6500
47.2500
47.5800
47.1500
47.9900
48.0600
48.5600
49.2200
49.2200
48.9700
48.1400
48.3700
49.2100
49.4800
49.4100
49.5000
49.0700
48.7400
48.3500
48.8300
49.2600
48.8300
49.0600
49.0000
48.4600
48.5500
48.3500
48.0600
48.2400
48.8500
47.9900
47.9800
46.7400
45.3000
44.4500
42.5300
42.6800
42.1800
41.4000
41.9500
41.3900
41.0900
41.5600
40.7500
40.3700
39.8600
38.9500
39.0600
39.7500
46.1700
46.9300
45.9500
45.0100
45.8600
44.6500
45.0200
43.7900
42.6200
42.5500
43.4000
43.7600
43.7200
44.0100
44.4900
44.9300
46.0100
45.3000
44.7900
43.3700
43.1600
43.3400
42.1900
42.0800
41.2500
41.8700
42.7500
42.8000
42.7100
43.1000
43.9300
44.5000
42.9500
42.9600
43.7300
43.6200
41.5100
41.8400
42.7000
42.4900
42.7900
42.3700
42.3100
42.3700
43.4200
43.7700
43.7200
43.7300
44.1200
44.2700
45.0400
44.2000
45.2100
44.7600
45.9300
45.6600
45.2700
45.4600
46.1100
46.5100
44.9300
45.1500
45.6800
43.6500
37.7400
37.9500
37.9500
37.9500
38.1700
38.1700
37.1900
37.1500
37.1900
36.5100
36.3100
35.5900
34.7400
33.9600
34.0600
34.0800
32.9100
33.0900
33.3500
33.7100
34.5000
35.0200
35.4300
35.2200
35.3800
35.6900
35.3100
35.5800
35.2400
35.0400
34.8700
34.9500
35.2000
34.8300
35.3500
35.7700
35.5900
36.4100
36.5000
35.5100
35.5000
35.4500
35.2500
35.5400
35.6800
35.5000
35.5900
35.3300
34.7300
34.5400
33.9000
33.8500
33.8200
34.2300
34.6400
34.5200
33.9600
33.9600
33.2100
33.1000
32.3600
32.5200
31.7200
32.7100
33.5300
33.0400
33.6700
33.2500
32.7800
33.0000
33.0200
33.9700
34.3000
34.6300
34.6000
34.6000
34.9000
34.8200
35.2800
35.0000
34.0100
34.2700
34.3200
33.4300
33.3900
32.8800
33.1800
33.1500
33.6700
34.1600
33.9700
33.8700
34.1800
34.6000
34.7500
34.9100
35.3990
35.8300
36.3200
35.8500
35.6500
35.5000
35.3900
35.1800
34.9900
34.6900
34.1400
34.7200
35.3100
35.6900
35.6600
36.1400
36.0300
35.7800
35.7800
35.8900
36.3000
35.6900
35.7200
35.7500
41.8800
42.4800
43.2200
42.2200
42.3100
41.3400
40.9400
40.3800
41.1600
42.3600
43.9600
44.5800
44.5500
42.6000
42.3000
41.6400
41.8400
42.3200
41.0500
41.7700
42.1400
44.5200
44.2900
44.9700
44.8200
44.6300
42.2500
38.9300
39.5200
39.3900
38.9500
40.0100
40.0500
41.0000
40.4400
39.8300
39.0500
39.8200
38.7200
38.2000
39.4900
40.0900
40.1700
39.9800
39.6800
38.9400
39.0900
38.7500
38.3100
38.0500
38.5500
40.3700
39.9000
40.0700
40.8900
40.4600
38.8300
38.0900
37.4000
37.3200
36.5600
36.9100
35.9200
36.2400
35.1000
34.1300
34.4500
34.2300
33.8300
33.9700
34.6000
39.4700
38.3500
38.3300
39.2700
38.5500
39.1000
39.9800
40.2200
40.1500
40.0000
41.1500
41.3600
40.9600
41.0100
40.4700
40.8600
40.8400
39.4300
39.9300
40.9400
41.8300
41.3800
43.2930
43.2700
42.9600
42.5700
42.2100
42.6700
40.0100
38.5700
38.0700
38.0100
38.5100
38.7400
39.1800
38.2400
38.1400
38.3100
39.9000
40.1900
40.3000
39.0500
39.4500
39.5100
38.6300
39.3600
38.2300
37.9500
36.1300
36.2900
36.5600
37.1000
35.3200
35.4900
35.6100
37.1200
37.6100
38.3000
38.9200
38.5800
37.9700
39.1100
38.7800
39.9800
45.8200
44.7600
46.9900
46.0200
47.1000
48.6700
49.5000
49.6000
49.0500
48.3200
49.5000
51.0000
51.2400
52.5900
52.5600
54.4000
53.7100
53.3900
51.8000
51.0200
50.8100
49.0000
49.7700
49.6000
49.7700
50.5700
50.1100
49.2500
49.9400
50.2400
51.9400
51.7600
50.9500
49.4000
50.3500
50.2300
48.5000
47.6200
44.6900
43.6200
41.6300
41.1700
40.9800
41.6900
41.9900
42.0800
43.0500
43.6100
43.0200
42.7000
41.2600
41.9000
43.1400
44.2600
43.9500
44.4100
43.6000
46.1900
46.9700
48.0000
47.2500
46.2900
48.8600
45.7200
45.2000
47.1100
45.5000
46.9900
46.7900
46.5800
47.9600
48.1000
45.8500
46.4400
46.9600
46.0900
44.7400
43.2800
43.8000
42.7600
41.7000
41.9900
39.6300
40.2300
40.8500
42.8000
43.0100
42.8000
42.1300
41.0800
42.4400
41.2800
41.5500
42.7100
43.5000
44.0900
44.3900
43.1700
42.0100
42.9700
43.0100
43.6500
42.9400
42.3200
43.9690
45.1700
44.6500
44.8700
45.5300
46.3800
47.0600
47.1400
45.5900
45.8600
46.3500
46.0400
45.3900
44.9400
48.2700
50.4000
49.2200
51.9600
55.7400
57.0300
57.1100
57.1800
56.2000
56.6100
55.7200
56.1800
55.8000
54.9100
52.9500
51.5900
50.2400
51.9000
53.0300
53.2700
51.9000
52.6200
52.8300
53.4700
53.4700
53.3200
52.4800
49.8900
49.2400
48.7500
47.5800
49.5000
50.4100
50.9900
50.8000
49.2000
49.3400
51.0800
51.5600
51.8000
51.5100
53.9300
54.6500
53.9700
52.9600
52.4700
51.3300
48.5800
48.8500
49.5300
48.5000
50.3600
52.4500
54.8000
54.1300
52.2300
51.9800
54.3100
54.9900
56.7400
56.8600
56.7400
54.4300
55.8400
56.6900
56.7300
54.8200
54.5090
54.3200
54.0300
59.3500
59.5900
59.6900
59.9100
58.5400
59.9100
58.3000
58.0600
57.8600
55.7000
54.9100
54.1500
52.8900
50.0900
49.1200
48.4300
49.8600
48.5600
50.0500
49.6100
50.4400
47.4680
47.5800
47.8900
46.1600
46.2400
45.5100
45.6800
45.1900
46.2200
46.6800
47.2800
46.5200
47.2900
46.1900
47.3300
46.3200
45.9400
45.8800
45.9300
45.8500
45.2200
45.7000
43.7600
43.5700
43.0200
40.1000
40.3000
40.2100
39.8500
38.9300
39.1500
39.0100
38.9400
38.6700
39.6500
40.0300
41.6400
40.6600
41.3900
42.0800
41.6000
41.3100
40.1100
34.8700
35.3300
34.9798
36.3200
37.6800
38.4300
39.2700
37.6500
38.2500
40.5000
40.5100
39.0500
37.6800
37.8500
37.2500
36.3200
36.3000
36.7200
35.3900
35.4000
35.5800
35.0400
35.5000
35.8500
35.8400
35.8400
34.1300
35.2010
34.6500
34.0700
33.6800
33.3500
35.5200
35.3900
35.2300
35.4000
35.8900
35.5500
34.8600
34.8500
32.7200
33.0000
31.7500
31.4800
31.5600
33.0500
32.6300
32.6000
32.9500
31.7000
30.9650
30.4500
30.7000
30.8800
29.9600
29.4300
28.6600
28.6900
28.8900
29.1100
28.9700
25.1200
25.4300
25.5800
25.2500
24.9900
24.3800
25.1300
25.0500
25.7500
25.6700
25.0600
26.5200
26.8200
26.2200
26.6500
26.3800
25.5400
26.0300
27.1800
27.7700
27.7600
26.9000
26.2300
27.9300
27.4500
26.5400
26.7800
26.5500
24.7100
24.4200
23.3600
22.7800
22.8800
22.9700
22.6900
22.4200
22.2700
21.8100
22.0100
21.6200
21.6400
21.8800
21.7800
21.7800
21.3600
21.1900
21.3900
20.0600
20.0600
21.0300
20.7800
21.4000
21.4400
22.0900
22.1700
22.0500
22.1600
21.8500
21.8200
21.6200
21.6200
21.7800
22.1100
21.7900
21.1700
21.0800
21.4000
21.8000
22.2700
22.7400
22.0400
21.3200
21.4500
21.0200
21.5500
20.7000
20.5200
19.5700
18.8900
19.2500
18.8600
20.3000
21.8800
22.2400
21.8000
21.6900
22.1000
22.4600
22.5100
22.1800
22.2400
22.1200
21.8600
21.6800
22.6100
22.5800
23.3900
23.7400
24.1100
23.3500
24.0800
23.4000
24.2500
23.9900
23.4000
22.9000
21.2900
22.4200
22.2100
21.2100
20.4100
19.8200
19.0000
19.5100
19.1200
19.3400
18.7200
18.7800
19.8000
19.3500
18.5900
18.5700
18.5900
19.3000
19.8600
19.7500
19.3800
19.2600
19.0400
18.7400
19.4900
18.9400
19.2000
18.4600
17.9600
16.8600
16.9400
16.6400
16.5500
16.7500
17.0100
16.9500
15.9300
17.0100
17.1500
15.7300
15.9300
16.0500
15.8600
17.2100
17.7300
17.3500
16.7100
16.6100
16.7500
17.1100
17.1300
16.5100
15.3100
14.2500
14.8300
14.6000
14.9400
15.1400
14.5700
14.5200
14.9300
15.1700
15.7300
15.3800
15.9800
15.5000
14.9000
14.6200
13.9100
13.9300
14.4600
14.2600
13.9000
13.6000
13.7400
12.8700
13.8400
14.1600
14.4600
14.7700
14.3300
12.9300
12.4900
14.1000
14.5500
15.5000
15.2900
15.5500
16.1600
16.2900
15.9400
15.4300
15.5500
14.9600
15.6000
14.9400
15.2100
14.2500
13.3200
13.5500
16.2500
15.8600
15.8500
15.3400
17.5100
17.5300
17.5500
18.3000
18.7800
18.4100
16.8200
17.4300
17.0800
17.1400
17.3000
18.5800
18.1700
17.9900
17.9700
17.9600
18.2300
18.3700
18.9100
19.0600
19.4700
19.4500
18.7500
18.7600
19.3900
19.1600
19.6100
19.9400
18.8100
17.3200
16.9400
17.7300
17.3200
16.1100
16.1200
16.0500
16.3200
16.4900
16.6900
16.1800
16.9100
16.8200
16.7900
14.0600
14.3100
14.5300
14.2600
14.8200
14.0100
13.8900
13.3100
12.7400
13.5500
13.6000
13.9500
13.5000
13.5400
13.6700
14.2500
14.8000
14.3000
14.2500
14.8300
14.7400
15.5300
15.1700
14.5000
14.6600
15.0100
14.0300
14.4800
15.7400
16.3100
16.7100
16.3500
15.6200
16.3300
15.9700
16.4800
15.3900
14.1000
14.2700
14.4000
13.7300
13.0700
13.2600
12.9600
13.0100
13.4100
13.8800
13.2900
12.9000
13.3000
12.5200
11.2400
11.2600
11.5000
12.5300
13.7300
14.1900
13.9000
14.2200
15.5000
14.4400
14.0100
12.4700
12.6000
10.1600
9.7400
9.1300
10.2900
10.1100
11.0300
11.0400
11.5300
11.8500
12.3400
12.2500
11.9000
10.9600
10.8200
10.9000
10.6000
11.1000
9.8300
10.0000
10.1500
10.7100
10.8600
10.8100
11.0000
10.8900
11.9100
12.2400
11.6500
11.7100
12.1000
11.7600
11.9300
10.4900
11.3200
11.1500
11.5900
11.4800
12.2100
9.0800
8.8000
8.6000
9.1900
8.9500
9.0500
9.4900
7.2900
7.0500
7.1200
6.9700
7.4300
7.0500
6.9900
6.7100
6.9500
6.9800
6.4200
7.0500
7.5600
7.7700
7.6400
9.5500
8.7700
8.0100
8.4700
8.9200
9.5600
8.8800
8.0700
7.8500
7.2600
6.9100
7.1200
7.2000
7.0400
6.7600
6.0800
6.0100
5.9700
6.2000
6.3500
7.0900
7.4600
7.4800
7.4800
7.3100
7.2900
7.4900
8.6300
8.5100
8.1500
7.6500
8.5900
8.9400
8.6900
9.1900
9.9700
10.1300
10.2300
9.6300
10.2000
9.8900
10.4000
9.9900
9.8100
10.0800
10.5300
10.1200
9.9500
10.4600
11.1100
11.6000
11.9000
12.1500
12.1900
12.5000
12.4900
12.5500
12.2500
12.3300
11.5100
12.0600
16.0300
16.9800
16.4900
15.9600
16.3500
16.0100
16.9800
16.4900
15.3400
15.6100
15.8100
15.2700
15.2700
14.1300
14.5300
14.1500
14.3600
14.0400
13.2500
12.8100
12.4000
13.0800
12.5300
11.3600
11.8300
12.4900
13.2900
14.1200
14.6400
14.8600
15.7000
16.1300
15.9900
16.4400
16.9100
16.9500
16.6900
15.6600
17.2200
17.0900
16.7500
15.6000
16.2500
16.3800
14.7200
14.7800
14.1300
13.5400
13.3300
14.6800
14.6200
15.0100
16.1800
16.9200
17.5600
16.7500
17.1100
16.8900
15.7800
15.2700
15.4300
16.0900
15.6800
16.2000
15.7800
15.9900
16.5400
14.7400
14.0300
14.6700
13.3200
12.0100
11.1800
8.3700
9.1200
8.4000
8.6300
9.1000
10.2300
10.0000
10.8000
11.6400
10.9400
10.1900
10.1900
10.0000
10.2500
10.5000
11.0000
10.8800
10.6300
11.0000
10.6300
12.2500
11.6900
12.2500
11.8800
12.6300
10.0000
10.4400
10.1900
11.7500
11.9400
11.8100
11.9400
11.9400
12.5000
13.6900
14.5000
14.4400
13.7500
14.5000
13.3800
14.3800
15.0000
15.8100
14.4400
14.3800
16.2500
17.3100
18.9400
20.1300
19.5000
19.0000
21.8800
18.9500
18.5000
19.9400
19.5000
18.3800
18.0600
17.6900
17.0000
16.5000
16.3800
14.9400
14.5600
15.5000
17.5600
13.8800
15.5600
17.3800
16.8800
16.9400
15.5600
15.1900
16.6900
18.2500
19.8800
22.8800
22.6900
23.7500
25.8800
25.3100
23.4400
21.3800
23.6300
25.3800
26.5600
24.6300
24.6900
26.9400
25.0300
28.0000
28.9400
25.1900
24.2500
25.8100
27.4400
27.8100
29.5000
28.9400
27.8100
30.0600
31.2500
33.8800
36.9400
36.5600
37.5600
39.7500
37.3800
36.6300
32.8800
35.6300
36.8800
31.8800
29.5600
30.0000
30.8100
27.7500
25.1300
21.9400
24.3100
28.4400
25.1300
27.8100
30.4400
30.0600
31.5600
33.5600
36.0000
35.0600
35.8800
38.4400
40.0000
37.8800
39.7500
40.3800
41.4400
40.0600
37.5000
40.7500
42.8100
43.6300
44.8800
42.4400
42.6900
42.3800
42.9400
43.5000
45.8800
45.6900
41.5000
41.5000
42.9400
39.6300
39.1300
39.9400
39.3800
38.8100
36.5000
37.5000
39.0000
38.2500
38.7500
37.5600
34.8800
33.6900
30.4400
30.8800
32.9400
33.8100
32.5000
31.5000
30.8100
30.2500
30.1300
30.0000
31.3800
36.0600
37.6300
38.7500
41.1300
40.3100
40.8800
41.7500
41.1300
42.6300
35.0000
35.0600
33.1300
35.0600
36.1300
36.0600
36.5000
37.0000
36.3100
37.1300
37.8800
36.5000
33.9400
33.8800
42.0000
46.0600
46.1300
45.3100
46.0000
46.3100
46.4400
49.0000
48.4400
52.1900
51.8800
51.8100
50.5600
54.5000
57.8800
50.1900
49.9400
51.7500
46.5000
45.5000
48.5600
46.6900
51.8800
52.6300
55.3800
61.0000
59.0600
56.0600
53.7500
54.8800
53.3100
56.2500
56.0200
58.5000
55.0600
54.1300
56.1300
59.9400
55.1900
52.8800
53.5000
52.4400
49.8100
52.3800
53.4400
54.9400
47.0600
46.8800
48.0000
56.3800
63.3800
63.3800
67.5600
64.2500
62.1900
63.9400
63.5600
67.0000
66.5000
66.2500
70.1300
73.1300
67.6900
67.6900
70.6900
72.3800
64.1900
64.8100
66.2500
63.7500
65.6300
65.3100
66.8800
68.8100
63.6300
63.5000
63.9400
62.5000
62.5600
65.8800
68.8800
65.7500
69.1300
68.4400
70.4400
63.5600
64.7500
69.0000
70.6900
73.8100
74.4400
76.1900
76.1900
80.2500
83.1300
75.0000
78.5600
84.1900
69.4400
67.4400
64.5600
61.6900
66.9400
64.8100
69.2500
70.1300
62.0600
64.7500
66.8100
64.1300
64.2500
65.9400
63.5600
66.7500
69.1900
69.5600
65.5600
71.7500
81.9400
89.3800
